vPolSeaveyGain_dBi	FreqsMHz
-15.7410952598	98.876953125
-14.9454096388	100.09765625
-14.2069979472	101.318359375
-13.5059427787	102.5390625
-12.8314909119	103.759765625
-12.1752992825	104.98046875
-11.5323092647	106.201171875
-10.8999771681	107.421875
-10.2759084689	108.642578125
-9.65670421573	109.86328125
-9.03960523993	111.083984375
-8.42526806565	112.3046875
-7.81856067595	113.525390625
-7.22645487503	114.74609375
-6.65569304752	115.966796875
-6.11360197686	117.1875
-5.61157177094	118.408203125
-5.16642307442	119.62890625
-4.79556218713	120.849609375
-4.50786173045	122.0703125
-4.29793975953	123.291015625
-4.14954116602	124.51171875
-4.04482223312	125.732421875
-3.97084572227	126.953125
-3.91835829709	128.173828125
-3.87630037484	129.39453125
-3.82986306165	130.615234375
-3.76515066893	131.8359375
-3.67519578307	133.056640625
-3.56047985876	134.27734375
-3.42336736415	135.498046875
-3.2626439034	136.71875
-3.0741176156	137.939453125
-2.85582560979	139.16015625
-2.61113584223	140.380859375
-2.3465316996	141.6015625
-2.06814117751	142.822265625
-1.78279026899	144.04296875
-1.50294281666	145.263671875
-1.24821714792	146.484375
-1.03800033087	147.705078125
-0.879565278632	148.92578125
-0.763604027005	150.146484375
-0.672875660605	151.3671875
-0.595897777253	152.587890625
-0.533259505515	153.80859375
-0.491453026582	155.029296875
-0.470370241673	156.25
-0.457501688719	157.470703125
-0.435046333181	158.69140625
-0.391847863707	159.912109375
-0.328757061372	161.1328125
-0.254479439942	162.353515625
-0.177227706043	163.57421875
-0.0994230813743	164.794921875
-0.0181622211997	166.015625
0.0715399896894	167.236328125
0.174174420734	168.45703125
0.29192677353	169.677734375
0.422680826823	170.8984375
0.559188287406	172.119140625
0.692042943274	173.33984375
0.816033690112	174.560546875
0.934571929213	175.78125
1.05715532772	177.001953125
1.19189534951	178.22265625
1.3406593179	179.443359375
1.5016025483	180.6640625
1.67578017109	181.884765625
1.8696725713	183.10546875
2.09003921235	184.326171875
2.33651708375	185.546875
2.60005846297	186.767578125
2.86960670475	187.98828125
3.14105272533	189.208984375
3.41942534533	190.4296875
3.71234314397	191.650390625
4.02219057494	192.87109375
4.34467820194	194.091796875
4.67380557988	195.3125
5.00683709606	196.533203125
5.34377463572	197.75390625
5.68262958837	198.974609375
6.0163592512	200.1953125
6.33464119346	201.416015625
6.62780296884	202.63671875
6.88819712227	203.857421875
7.10826454515	205.078125
7.2793198446	206.298828125
7.39459461461	207.51953125
7.45473389093	208.740234375
7.46987630358	209.9609375
7.45510229403	211.181640625
7.42311201956	212.40234375
7.38109816501	213.623046875
7.33432335372	214.84375
7.29154036178	216.064453125
7.26493355563	217.28515625
7.26331150609	218.505859375
7.28527755491	219.7265625
7.3202137201	220.947265625
7.35809647376	222.16796875
7.39943087399	223.388671875
7.45421482808	224.609375
7.52981073897	225.830078125
7.61911756693	227.05078125
7.69960654708	228.271484375
7.74485695434	229.4921875
7.73994732045	230.712890625
7.68741563298	231.93359375
7.59963245872	233.154296875
7.48701310795	234.375
7.35308277453	235.595703125
7.1991514809	236.81640625
7.03255376681	238.037109375
6.86884363791	239.2578125
6.72472506899	240.478515625
6.60888484101	241.69921875
6.51975455736	242.919921875
6.45191935555	244.140625
6.40464574116	245.361328125
6.38405052274	246.58203125
6.39712503418	247.802734375
6.44387590595	249.0234375
6.51468525883	250.244140625
6.59497034244	251.46484375
6.67346356855	252.685546875
6.74721407767	253.90625
6.81888777105	255.126953125
6.88882137149	256.34765625
6.94854613044	257.568359375
6.98110295546	258.7890625
6.96906330325	260.009765625
6.90540277693	261.23046875
6.79834061328	262.451171875
6.66537190886	263.671875
6.52177202345	264.892578125
6.37333039711	266.11328125
6.21861232967	267.333984375
6.05802763961	268.5546875
5.90068614778	269.775390625
5.76177908727	270.99609375
5.65332543644	272.216796875
5.57785591689	273.4375
5.53083668324	274.658203125
5.5088475831	275.87890625
5.5149503146	277.099609375
5.55591455903	278.3203125
5.63498809034	279.541015625
5.74785912064	280.76171875
5.88486526219	281.982421875
6.03604052172	283.203125
6.19379781211	284.423828125
6.35191550304	285.64453125
6.50397374757	286.865234375
6.64397131938	288.0859375
6.76791038982	289.306640625
6.87350419997	290.52734375
6.95795851016	291.748046875
7.0169682636	292.96875
7.04721981286	294.189453125
7.05046038016	295.41015625
7.03460983471	296.630859375
7.0102049091	297.8515625
6.98555055996	299.072265625
6.96492105369	300.29296875
6.95035498755	301.513671875
6.94401630167	302.734375
6.9486551284	303.955078125
6.9670329101	305.17578125
7.00238832392	306.396484375
7.0593804367	307.6171875
7.14268927559	308.837890625
7.25270456339	310.05859375
7.38213553564	311.279296875
7.51811840023	312.5
7.6493890261	313.720703125
7.77177846176	314.94140625
7.88600333789	316.162109375
7.990471064	317.3828125
8.07764094308	318.603515625
8.13829963286	319.82421875
8.16920373958	321.044921875
8.17545738358	322.265625
8.16500031222	323.486328125
8.14211613251	324.70703125
8.10792851863	325.927734375
8.06705576773	327.1484375
8.0311887772	328.369140625
8.01326375709	329.58984375
8.01747393762	330.810546875
8.03609323667	332.03125
8.05789628771	333.251953125
8.08074631948	334.47265625
8.11463036386	335.693359375
8.17134990309	336.9140625
8.25217586053	338.134765625
8.34579790733	339.35546875
8.43777940592	340.576171875
8.52159055738	341.796875
8.59978435703	343.017578125
8.67508098568	344.23828125
8.74189125142	345.458984375
8.78665244715	346.6796875
8.79584318194	347.900390625
8.76390953847	349.12109375
8.69450141119	350.341796875
8.59571114839	351.5625
8.47503758589	352.783203125
8.3378708467	354.00390625
8.18884452906	355.224609375
8.03351331637	356.4453125
7.87867545549	357.666015625
7.73105768927	358.88671875
7.59496817689	360.107421875
7.47039900805	361.328125
7.35367227873	362.548828125
7.24132721898	363.76953125
7.1342680355	364.990234375
7.03731524291	366.2109375
6.95342601913	367.431640625
6.87839539151	368.65234375
6.80281410445	369.873046875
6.72098975518	371.09375
6.6375016342	372.314453125
6.56253978529	373.53515625
6.49934679813	374.755859375
6.43650854729	375.9765625
6.354757561	377.197265625
6.24481808383	378.41796875
6.11843581699	379.638671875
5.99894595289	380.859375
5.90113203434	382.080078125
5.82055480185	383.30078125
5.74106800963	384.521484375
5.65262669792	385.7421875
5.56107343468	386.962890625
5.47982157157	388.18359375
5.41457242049	389.404296875
5.35829126763	390.625
5.30024595794	391.845703125
5.23800184665	393.06640625
5.17900469484	394.287109375
5.13148295711	395.5078125
5.09648869189	396.728515625
5.06928733182	397.94921875
5.04660295772	399.169921875
5.030547628	400.390625
5.02563660366	401.611328125
5.0343585236	402.83203125
5.05730298309	404.052734375
5.09621035997	405.2734375
5.15376174285	406.494140625
5.22887313897	407.71484375
5.31386060919	408.935546875
5.39930907639	410.15625
5.48302395986	411.376953125
5.57234041017	412.59765625
5.6756421393	413.818359375
5.79199946304	415.0390625
5.91039962333	416.259765625
6.0200944415	417.48046875
6.12127518842	418.701171875
6.22396145049	419.921875
6.33700712353	421.142578125
6.46058434293	422.36328125
6.5898350854	423.583984375
6.72359758623	424.8046875
6.86617466046	426.025390625
7.01912403318	427.24609375
7.17342186299	428.466796875
7.31346051531	429.6875
7.43115793651	430.908203125
7.53426353768	432.12890625
7.6373745375	433.349609375
7.74454787896	434.5703125
7.84099425264	435.791015625
7.90178788578	437.01171875
7.91070605519	438.232421875
7.87160725279	439.453125
7.80159060674	440.673828125
7.71567328131	441.89453125
7.61924236517	443.115234375
7.51263674945	444.3359375
7.40002406143	445.556640625
7.29253235611	446.77734375
7.20350002755	447.998046875
7.14241565512	449.21875
7.11366501485	450.439453125
7.1193626558	451.66015625
7.16150903513	452.880859375
7.24101226635	454.1015625
7.3555770146	455.322265625
7.49941667397	456.54296875
7.66504990482	457.763671875
7.84527973189	458.984375
8.03402024872	460.205078125
8.22606308411	461.42578125
8.41599870899	462.646484375
8.59627265001	463.8671875
8.75562988779	465.087890625
8.88087805166	466.30859375
8.9634247269	467.529296875
9.00639644029	468.75
9.02460782896	469.970703125
9.03547021098	471.19140625
9.04842581005	472.412109375
9.06202331563	473.6328125
9.07064447111	474.853515625
9.07382127793	476.07421875
9.0781329334	477.294921875
9.09012848445	478.515625
9.10956947125	479.736328125
9.13156988931	480.95703125
9.15505622432	482.177734375
9.18651822781	483.3984375
9.23318710743	484.619140625
9.29287306846	485.83984375
9.35226033602	487.060546875
9.39710285333	488.28125
9.42472399955	489.501953125
9.4450899562	490.72265625
9.46947720322	491.943359375
9.49957796442	493.1640625
9.52737737857	494.384765625
9.54400005654	495.60546875
9.54731369977	496.826171875
9.54070928201	498.046875
9.52668015991	499.267578125
9.50466811093	500.48828125
9.4758379812	501.708984375
9.44748963784	502.9296875
9.42981538962	504.150390625
9.42770068891	505.37109375
9.43688173547	506.591796875
9.44933073253	507.8125
9.46266246453	509.033203125
9.48326667283	510.25390625
9.5198303208	511.474609375
9.57501243892	512.6953125
9.64413021319	513.916015625
9.72110188413	515.13671875
9.80413928027	516.357421875
9.89478420753	517.578125
9.99241453542	518.798828125
10.0916038927	520.01953125
10.1855351654	521.240234375
10.2709519886	522.4609375
10.3483605973	523.681640625
10.4174779532	524.90234375
10.4739445175	526.123046875
10.511529713	527.34375
10.5273147853	528.564453125
10.5238024376	529.78515625
10.5057352921	531.005859375
10.4757651894	532.2265625
10.4340777243	533.447265625
10.382025736	534.66796875
10.3249855193	535.888671875
10.2706185991	537.109375
10.2243300745	538.330078125
10.1870060296	539.55078125
10.1574261775	540.771484375
10.1365762173	541.9921875
10.1291238105	543.212890625
10.1406260298	544.43359375
10.1735073941	545.654296875
10.2253998345	546.875
10.2905568054	548.095703125
10.3625834552	549.31640625
10.4365607777	550.537109375
10.5098052621	551.7578125
10.5813210361	552.978515625
10.6502459271	554.19921875
10.7141236164	555.419921875
10.7685267474	556.640625
10.8090662572	557.861328125
10.8346201	559.08203125
10.8486401257	560.302734375
10.8565899189	561.5234375
10.8615350739	562.744140625
10.8622869493	563.96484375
10.8563205523	565.185546875
10.8447071908	566.40625
10.8335762265	567.626953125
10.8298885409	568.84765625
10.8353568175	570.068359375
10.8443684935	571.2890625
10.8481949237	572.509765625
10.842073745	573.73046875
10.8286231945	574.951171875
10.8141686901	576.171875
10.801276429	577.392578125
10.7839069776	578.61328125
10.7492536716	579.833984375
10.6855352449	581.0546875
10.5900823225	582.275390625
10.4706621028	583.49609375
10.3384905741	584.716796875
10.1988835469	585.9375
10.0472716595	587.158203125
9.8742591393	588.37890625
9.67651840076	589.599609375
9.46389978377	590.8203125
9.25505011642	592.041015625
9.06518452894	593.26171875
8.89726441502	594.482421875
8.74439083896	595.703125
8.60180704634	596.923828125
8.47748490063	598.14453125
8.3900371815	599.365234375
8.35562094984	600.5859375
8.37617123797	601.806640625
8.43831824862	603.02734375
8.52311965381	604.248046875
8.61854486437	605.46875
8.72392662856	606.689453125
8.84330919311	607.91015625
8.97546392896	609.130859375
9.10967012574	610.3515625
9.22983502323	611.572265625
9.32317945559	612.79296875
9.38659105027	614.013671875
9.42558049209	615.234375
9.44708094884	616.455078125
9.45236046729	617.67578125
9.43601816075	618.896484375
9.39255141974	620.1171875
9.32529653444	621.337890625
9.24853018146	622.55859375
9.17914167913	623.779296875
9.12512761008	625.0
9.08161693366	626.220703125
9.0386913223	627.44140625
8.99429103372	628.662109375
8.95869403666	629.8828125
8.94507309956	631.103515625
8.95627245478	632.32421875
8.98145869628	633.544921875
9.0058916814	634.765625
9.02372997391	635.986328125
9.03967317466	637.20703125
9.05796748865	638.427734375
9.07241957843	639.6484375
9.06945703016	640.869140625
9.04139639089	642.08984375
8.9945579044	643.310546875
8.94183473707	644.53125
8.88799461177	645.751953125
8.82434397852	646.97265625
8.73932712466	648.193359375
8.63426362189	649.4140625
8.52552415197	650.634765625
8.42973743912	651.85546875
8.34925288834	653.076171875
8.27409951277	654.296875
8.19865648939	655.517578125
8.1341752084	656.73828125
8.10134346549	657.958984375
8.11066216398	659.1796875
8.15149585211	660.400390625
8.20118595411	661.62109375
8.24684027885	662.841796875
8.29706505417	664.0625
8.37000444555	665.283203125
8.47216862561	666.50390625
8.59034494128	667.724609375
8.70282812052	668.9453125
8.79820241255	670.166015625
8.88228422507	671.38671875
8.96680168967	672.607421875
9.05406892782	673.828125
9.13382496917	675.048828125
9.19411974072	676.26953125
9.23420270432	677.490234375
9.26540368252	678.7109375
9.29988740353	679.931640625
9.34039678025	681.15234375
9.38098079445	682.373046875
9.41643997974	683.59375
9.44971747271	684.814453125
9.48920085807	686.03515625
9.53943753775	687.255859375
9.59562750999	688.4765625
9.64779729062	689.697265625
9.69074910317	690.91796875
9.7294900934	692.138671875
9.77410153978	693.359375
9.82927933174	694.580078125
9.88872240297	695.80078125
9.93945032952	697.021484375
9.9723107256	698.2421875
9.98876540498	699.462890625
9.99724978966	700.68359375
10.0035669174	701.904296875
10.0057320969	703.125
9.99833404937	704.345703125
9.98145547134	705.56640625
9.96390677233	706.787109375
9.95635363661	708.0078125
9.9611535308	709.228515625
9.96937345881	710.44921875
9.96889734352	711.669921875
9.95672999359	712.890625
9.94287570436	714.111328125
9.94146512176	715.33203125
9.95850896177	716.552734375
9.98755340164	717.7734375
10.015697109	718.994140625
10.0334442078	720.21484375
10.0390267768	721.435546875
10.0342100464	722.65625
10.0179713062	723.876953125
9.98556984325	725.09765625
9.93324543206	726.318359375
9.86235318886	727.5390625
9.77790252146	728.759765625
9.68315085776	729.98046875
9.57598206163	731.201171875
9.45060548321	732.421875
9.30311917755	733.642578125
9.13626156725	734.86328125
8.95975337995	736.083984375
8.78671086889	737.3046875
8.62916630376	738.525390625
8.49490628654	739.74609375
8.38619876711	740.966796875
8.30053916628	742.1875
8.2334101242	743.408203125
8.18191163027	744.62890625
8.14684244306	745.849609375
8.13158622504	747.0703125
8.13884690004	748.291015625
8.16786691155	749.51171875
8.21369458031	750.732421875
8.26817989833	751.953125
8.3217805658	753.173828125
8.36576845536	754.39453125
8.39446462373	755.615234375
8.4063238484	756.8359375
8.40270803262	758.056640625
8.38510596524	759.27734375
8.35347746189	760.498046875
8.30757362248	761.71875
8.24968164324	762.939453125
8.18503352799	764.16015625
8.11861395615	765.380859375
8.05204316669	766.6015625
7.98512383997	767.822265625
7.92119487761	769.04296875
7.86942416178	770.263671875
7.83903686422	771.484375
7.82948546398	772.705078125
7.82645106978	773.92578125
7.81023272418	775.146484375
7.77155572481	776.3671875
7.7191528972	777.587890625
7.67043398209	778.80859375
7.63582516988	780.029296875
7.61209298732	781.25
7.58817020111	782.470703125
7.55544460593	783.69140625
7.5119938227	784.912109375
7.45864772179	786.1328125
7.39541860321	787.353515625
7.32573528507	788.57421875
7.26336832667	789.794921875
7.23004009784	791.015625
7.24205236034	792.236328125
7.29823270376	793.45703125
7.38185799362	794.677734375
7.47703461458	795.8984375
7.58402785284	797.119140625
7.71598559784	798.33984375
7.88075411128	799.560546875
8.0683413145	800.78125
8.25705436254	802.001953125
8.43238774642	803.22265625
8.59840567577	804.443359375
8.76852386945	805.6640625
8.94683304456	806.884765625
9.11995719262	808.10546875
9.26665555964	809.326171875
9.37547454211	810.546875
9.45243260142	811.767578125
9.51181799839	812.98828125
9.56240071432	814.208984375
9.6030096505	815.4296875
9.62821353869	816.650390625
9.63529052441	817.87109375
9.62536777147	819.091796875
9.60048554334	820.3125
9.56297242697	821.533203125
9.51830015207	822.75390625
9.47590764001	823.974609375
9.44453818517	825.1953125
9.4265486259	826.416015625
9.41818902949	827.63671875
9.41637883448	828.857421875
9.42422171767	830.078125
9.44795367002	831.298828125
9.4884174504	832.51953125
9.53763423074	833.740234375
9.58597526007	834.9609375
9.63274964958	836.181640625
9.68717635665	837.40234375
9.75747525276	838.623046875
9.84007942886	839.84375
9.9206408183	841.064453125
9.98621671803	842.28515625
10.0359576804	843.505859375
10.0782192177	844.7265625
10.1173740864	845.947265625
10.1452341715	847.16796875
10.147311465	848.388671875
10.1191889158	849.609375
10.0754633262	850.830078125
10.0400171667	852.05078125
10.0276015061	853.271484375
10.0343565907	854.4921875
10.0446037738	855.712890625
10.0477055933	856.93359375
10.0492381693	858.154296875
10.0652645796	859.375
10.1065323307	860.595703125
10.1682746623	861.81640625
10.2335892879	863.037109375
10.2865710338	864.2578125
10.3230089403	865.478515625
10.3483080112	866.69921875
10.3658629029	867.919921875
10.3687390481	869.140625
10.3430683481	870.361328125
10.2803124049	871.58203125
10.1867104698	872.802734375
10.0800722876	874.0234375
9.97687492308	875.244140625
9.88177180483	876.46484375
9.78864293326	877.685546875
9.69243752994	878.90625
9.60045064916	880.126953125
9.53064761184	881.34765625
9.4987551746	882.568359375
9.5077575825	883.7890625
9.548971555	885.009765625
9.61178911718	886.23046875
9.69137226473	887.451171875
9.78672280361	888.671875
9.89335291953	889.892578125
10.0010904665	891.11328125
10.1005678906	892.333984375
10.1903287923	893.5546875
10.2745770951	894.775390625
10.3527612472	895.99609375
10.4123629245	897.216796875
10.4341091237	898.4375
10.407047924	899.658203125
10.3387261266	900.87890625
10.2484699973	902.099609375
10.1505534105	903.3203125
10.0442734245	904.541015625
9.9195988369	905.76171875
9.7722670254	906.982421875
9.6124860779	908.203125
9.45794922994	909.423828125
9.31978782215	910.64453125
9.19609675888	911.865234375
9.07760480173	913.0859375
8.95823213008	914.306640625
8.83964809448	915.52734375
8.72671387316	916.748046875
8.62134816645	917.96875
8.52260777541	919.189453125
8.43165840836	920.41015625
8.35392868026	921.630859375
8.29455499743	922.8515625
8.25205781558	924.072265625
8.21817487422	925.29296875
8.18574695972	926.513671875
8.15725021251	927.734375
8.14421360098	928.955078125
8.15719962249	930.17578125
8.19612382191	931.396484375
8.24989099912	932.6171875
8.30575043343	933.837890625
8.35992639025	935.05859375
8.41936361692	936.279296875
8.49374235532	937.5
8.58682555766	938.720703125
8.69502424975	939.94140625
8.81275557922	941.162109375
8.93801378464	942.3828125
9.07234715259	943.603515625
9.21612570405	944.82421875
9.36533189161	946.044921875
9.51421581887	947.265625
9.66121635234	948.486328125
9.81098091162	949.70703125
9.96893594742	950.927734375
10.1331312993	952.1484375
10.2916383383	953.369140625
10.4294699547	954.58984375
10.5400718512	955.810546875
10.6302030495	957.03125
10.7125498628	958.251953125
10.7930918524	959.47265625
10.8647306016	960.693359375
10.9127943877	961.9140625
10.9284623337	963.134765625
10.9179395725	964.35546875
10.8979732175	965.576171875
10.8829845623	966.796875
10.8772870971	968.017578125
10.8786776427	969.23828125
10.8876800829	970.458984375
10.9113306802	971.6796875
10.9569873544	972.900390625
11.0235039804	974.12109375
11.1004819039	975.341796875
11.1779823764	976.5625
11.2569286411	977.783203125
11.3477071935	979.00390625
11.4574442089	980.224609375
11.5793321554	981.4453125
11.6951426285	982.666015625
11.7893498409	983.88671875
11.8606602204	985.107421875
11.9178160693	986.328125
11.9644191747	987.548828125
11.9901932317	988.76953125
11.979674978	989.990234375
11.9314066554	991.2109375
11.866090228	992.431640625
11.8119121675	993.65234375
11.7814677871	994.873046875
11.7625131563	996.09375
11.7321820961	997.314453125
11.6839870354	998.53515625
11.6389228426	999.755859375
11.6263516708	1000.9765625
11.6563457967	1002.19726562
11.7112868191	1003.41796875
11.7643013003	1004.63867187
11.8080115192	1005.859375
11.861948682	1007.08007812
11.9493104246	1008.30078125
12.0700785336	1009.52148437
12.1971961169	1010.7421875
12.2990667728	1011.96289062
12.3668598859	1013.18359375
12.4157418392	1014.40429687
12.4593422129	1015.625
12.4885397493	1016.84570312
12.4772011445	1018.06640625
12.4101543149	1019.28710937
12.3038916884	1020.5078125
12.194644517	1021.72851562
12.1076845362	1022.94921875
12.0401271605	1024.16992187
11.9714594544	1025.390625
11.8912918919	1026.61132812
11.8148965777	1027.83203125
11.7685928326	1029.05273437
11.7644533264	1030.2734375
11.7927845375	1031.49414062
11.8372402064	1032.71484375
11.8938865415	1033.93554687
11.9715920031	1035.15625
12.0741997469	1036.37695312
12.1871611342	1037.59765625
12.2853700629	1038.81835937
12.355250007	1040.0390625
12.405596554	1041.25976562
12.4534808643	1042.48046875
12.5023161646	1043.70117187
12.5358260273	1044.921875
12.5335622509	1046.14257812
12.4924781871	1047.36328125
12.4306792522	1048.58398437
12.3695883558	1049.8046875
12.3159130675	1051.02539062
12.2612883503	1052.24609375
12.1971109425	1053.46679687
12.127136371	1054.6875
12.063785527	1055.90820312
12.0142983887	1057.12890625
11.9740693795	1058.34960937
11.934191675	1059.5703125
11.8935557481	1060.79101562
11.8608945369	1062.01171875
11.845016378	1063.23242187
11.8454904067	1064.453125
11.8535939527	1065.67382812
11.8607832639	1066.89453125
11.8643411538	1068.11523437
11.864702275	1069.3359375
11.8599871899	1070.55664062
11.845903205	1071.77734375
11.8207545369	1072.99804687
11.7878493261	1074.21875
11.751128619	1075.43945312
11.7095529477	1076.66015625
11.6583815435	1077.88085937
11.5971729952	1079.1015625
11.5348547825	1080.32226562
11.4844863468	1081.54296875
11.4528704849	1082.76367187
11.4362445325	1083.984375
11.4261383223	1085.20507812
11.4181545788	1086.42578125
11.4131853003	1087.64648437
11.4106983588	1088.8671875
11.4050893432	1090.08789062
11.3925128921	1091.30859375
11.3803679821	1092.52929687
11.3850568215	1093.75
11.4169873393	1094.97070312
11.4673532876	1096.19140625
11.5110061488	1097.41210937
11.526485556	1098.6328125
11.515136823	1099.85351562
11.4974293749	1101.07421875
11.4910168896	1102.29492187
11.4953438642	1103.515625
11.4964016074	1104.73632812
11.4841955612	1105.95703125
11.4634829366	1107.17773437
11.4464809789	1108.3984375
11.4383472337	1109.61914062
11.4334595943	1110.83984375
11.4257538044	1112.06054687
11.4190408138	1113.28125
11.4232652699	1114.50195312
11.4415486924	1115.72265625
11.4656024697	1116.94335937
11.4871404866	1118.1640625
11.5120455654	1119.38476562
11.557587464	1120.60546875
11.6331440095	1121.82617187
11.7253011068	1123.046875
11.8052937936	1124.26757812
11.8561374524	1125.48828125
11.8912579965	1126.70898437
11.9406837113	1127.9296875
12.0207653943	1129.15039062
12.1192294811	1130.37109375
12.207614617	1131.59179687
12.269239871	1132.8125
12.3138520031	1134.03320312
12.362715822	1135.25390625
12.423694718	1136.47460937
12.4836335816	1137.6953125
12.5232029096	1138.91601562
12.537074767	1140.13671875
12.536930778	1141.35742187
12.5357773722	1142.578125
12.5340621092	1143.79882812
12.522461882	1145.01953125
12.4958909832	1146.24023437
12.4613547251	1147.4609375
12.4305560601	1148.68164062
12.4070500284	1149.90234375
12.3829165201	1151.12304687
12.3480524134	1152.34375
12.3013986876	1153.56445312
12.25168916	1154.78515625
12.2083922035	1156.00585937
12.1743515344	1157.2265625
12.1468279734	1158.44726562
12.1227221527	1159.66796875
12.1005627394	1160.88867187
12.0783746596	1162.109375
12.0530548856	1163.33007812
12.02411891	1164.55078125
11.9966330287	1165.77148437
11.9770622615	1166.9921875
11.9645662165	1168.21289062
11.9477283741	1169.43359375
11.9133166917	1170.65429687
11.8608123789	1171.875
11.8067686572	1173.09570312
11.7725770472	1174.31640625
11.7678660042	1175.53710937
11.7847578182	1176.7578125
11.806988626	1177.97851562
11.8253348152	1179.19921875
11.8445955151	1180.41992187
11.8762747775	1181.640625
11.927061402	1182.86132812
11.9953397398	1184.08203125
12.0767649672	1185.30273437
12.1707262352	1186.5234375
12.2802959252	1187.74414062
12.4063896791	1188.96484375
12.5428296483	1190.18554687
12.6774895017	1191.40625
12.7990856136	1192.62695312
12.9042963892	1193.84765625
12.9991544464	1195.06835937
13.0932177064	1196.2890625
13.1907073409	1197.50976562
13.2847134196	1198.73046875
13.3590642111	1199.95117187
13.3985107901	1201.171875
13.4005381619	1202.39257812
13.37748066	1203.61328125
13.3459280482	1204.83398437
13.3141032246	1206.0546875
13.2795496236	1207.27539062
13.2386173907	1208.49609375
13.1966692978	1209.71679687
13.1662007568	1210.9375
13.1543464653	1212.15820312
13.1548813653	1213.37890625
13.1558474815	1214.59960937
13.1561819864	1215.8203125
13.1713526614	1217.04101562
13.2192905462	1218.26171875
13.3016310225	1219.48242187
13.3996239606	1220.703125
13.489302634	1221.92382812
13.5614148457	1223.14453125
13.6241791656	1224.36523437
13.6871083824	1225.5859375
13.7474442899	1226.80664062
13.7943411502	1228.02734375
13.822778155	1229.24804687
13.8376228744	1230.46875
13.8419979723	1231.68945312
13.8265556252	1232.91015625
13.7776441266	1234.13085937
13.6986727795	1235.3515625
13.6164276499	1236.57226562
13.5591386316	1237.79296875
13.5290906428	1239.01367187
13.4998467029	1240.234375
13.4467937412	1241.45507812
13.3819136352	1242.67578125
13.3464959764	1243.89648437
13.3661133854	1245.1171875
13.4171575209	1246.33789062
13.441336536	1247.55859375
13.4073421194	1248.77929687
13.3531193941	1250.0
13.3485969143	1251.22070312
13.4309725543	1252.44140625
13.5779481472	1253.66210937
13.7255790078	1254.8828125
13.8176596591	1256.10351562
13.846862901	1257.32421875
13.8416953244	1258.54492187
13.8226513916	1259.765625
13.7829739543	1260.98632812
13.7053635962	1262.20703125
13.5882293462	1263.42773437
13.4501346465	1264.6484375
13.3104019472	1265.86914062
13.1741540246	1267.08984375
13.0401722211	1268.31054687
12.9180019815	1269.53125
12.8283719746	1270.75195312
12.784561038	1271.97265625
12.7781338698	1273.19335937
12.7873290449	1274.4140625
12.8008764	1275.63476562
12.8291974247	1276.85546875
12.8883061315	1278.07617187
12.9769448722	1279.296875
13.0735876934	1280.51757812
13.1556180115	1281.73828125
13.2179814126	1282.95898437
13.26873627	1284.1796875
13.3090435354	1285.40039062
13.3235230251	1286.62109375
13.2920449065	1287.84179687
13.2095409318	1289.0625
13.0908793181	1290.28320312
12.9563841491	1291.50390625
12.8172978917	1292.72460937
12.6766486594	1293.9453125
12.5397468937	1295.16601562
12.4179609559	1296.38671875
12.3210360743	1297.60742187
